% hier steht der Header 
275 2124
% hier kommen die ganzen edges yeah 
2 13 14 5 3 8 12 9 4 15 47 22 6 7 25 19 10 11 27 18 24 17 16 23 20 21 26 56 28 29 30 31 32 39 33 34 37 35 36 38 40 41 45 43 42 44 46 48 49 50 51 54 52 53 55 57 58 59 60 61 62 63 64 65 66 67 68 69 70 71 72 73 74 75 76 77 
19 1 5 12 8 15 25 27 56 3 45 24 47 9 23 13 10 16 11 20 21 18 22 4 7 6 61 17 43 14 26 35 55 40 264 31 32 34 33 48 30 39 36 37 38 42 44 41 49 124 59 100 53 60 46 209 50 65 54 102 84 133 62 81 74 207 89 91 76 75 114 77 
55 25 11 16 1 14 21 47 5 24 8 9 12 2 22 13 56 20 23 27 19 15 7 18 6 17 10 45 61 43 4 34 32 31 39 37 38 36 48 42 44 53 33 46 40 54 35 30 124 128 60 41 76 235 229 109 239 188 174 175 240 149 96 26 50 65 62 59 89 125 66 
55 1 22 11 20 21 6 8 9 10 13 15 47 2 56 19 25 61 24 5 27 45 12 14 43 16 23 3 7 17 26 18 40 35 48 65 58 31 36 39 38 88 32 42 41 33 116 52 81 51 54 46 50 53 34 100 63 125 117 204 60 170 241 177 62 102 85 238 74 66 37 75 77 
55 2 1 13 14 3 19 15 56 11 21 24 25 12 16 22 47 9 10 61 23 27 8 18 20 7 6 4 43 26 45 48 123 80 253 42 39 30 31 17 52 65 36 35 58 77 49 32 33 63 102 57 41 54 38 46 37 40 59 124 114 88 100 60 254 255 53 51 91 211 
1 19 11 12 16 20 25 8 23 24 3 9 35 5 4 15 22 47 7 13 56 10 21 2 27 18 17 45 61 14 43 26 55 40 236 80 237 33 31 39 38 37 32 44 42 49 48 34 36 54 46 60 41 50 65 84 133 62 30 81 52 59 66 165 119 76 77 
55 19 45 17 10 22 40 43 1 35 3 15 27 5 18 23 13 12 2 25 8 9 6 47 11 56 20 21 61 24 4 16 26 14 112 162 243 214 215 216 118 37 39 33 31 36 32 38 48 42 41 44 53 49 54 51 52 46 90 100 59 88 65 210 256 76 60 30 
55 43 19 11 25 61 17 2 1 56 10 22 48 14 3 15 27 12 9 13 16 21 24 47 5 20 23 18 6 4 7 45 26 40 29 50 65 31 38 60 41 42 37 204 32 35 125 252 133 39 99 130 114 211 30 62 265 266 267 268 269 270 271 272 273 274 
55 14 13 27 56 15 21 12 3 47 1 24 8 2 19 5 11 16 25 61 22 23 20 18 10 6 4 7 45 43 17 26 40 35 168 169 48 31 38 34 39 36 32 42 133 37 123 46 54 53 52 124 117 41 28 33 60 99 102 50 65 30 204 59 66 75 76 51 77 
43 35 8 16 23 7 40 22 25 14 19 56 15 5 17 12 45 48 2 1 20 18 13 9 4 47 11 61 24 3 6 27 21 55 37 115 33 39 38 31 32 34 53 26 50 65 102 91 44 84 60 42 62 89 52 212 204 74 36 59 66 213 133 76 41 30 
55 35 8 3 25 19 22 23 16 15 40 45 56 5 12 14 13 61 9 24 27 2 1 18 6 4 21 10 47 17 7 20 43 26 48 39 32 31 37 30 34 36 38 41 33 42 44 53 46 49 87 122 90 133 54 52 124 88 60 62 50 102 84 65 80 76 89 75 114 125 211 59 77 
55 19 2 27 1 13 15 21 56 9 3 5 8 25 11 14 61 22 10 20 47 18 23 16 6 7 35 4 17 45 24 26 40 76 42 112 77 113 49 114 115 43 32 39 31 30 48 58 33 36 34 38 41 116 81 52 65 51 54 46 57 90 37 101 117 80 60 102 50 118 53 119 59 
15 21 9 14 1 47 12 5 56 3 19 22 25 8 11 16 61 23 2 27 18 10 4 7 17 6 20 45 24 43 26 40 35 55 112 168 169 170 39 31 125 36 38 32 48 33 42 30 133 37 54 52 59 41 114 60 76 171 172 173 174 175 177 176 137 65 84 44 50 53 62 77 
55 9 13 1 47 24 25 3 5 8 15 19 12 10 11 22 61 16 23 21 27 35 18 17 56 4 45 6 2 20 7 26 40 48 112 214 215 118 162 216 163 33 76 32 34 31 39 38 36 44 42 49 43 65 90 46 54 37 41 30 124 59 117 60 217 172 185 106 183 174 175 218 219 109 199 220 80 177 221 62 51 205 222 223 186 224 225 226 227 228 230 229 231 50 99 114 84 66 75 232 
47 24 13 27 9 12 2 1 19 25 56 8 11 14 5 21 3 10 23 61 20 22 16 7 4 6 18 17 43 45 203 26 138 233 187 234 31 32 34 39 30 33 36 35 38 42 40 49 55 87 54 90 48 52 88 37 182 114 198 65 76 60 183 118 109 174 175 136 199 220 135 218 80 177 62 50 63 53 66 103 
3 22 10 43 11 61 5 13 20 21 23 9 19 14 25 8 27 47 2 15 12 6 1 18 17 24 4 7 26 45 56 40 35 123 55 178 179 180 181 160 34 50 53 88 51 30 31 59 32 42 124 182 38 37 65 36 52 46 60 33 76 39 41 171 183 184 173 185 186 187 188 189 48 74 44 66 91 190 191 57 75 84 62 192 77 
8 43 7 61 22 10 40 14 3 1 19 13 11 47 27 2 6 18 23 12 15 16 56 25 20 45 4 9 26 24 35 31 39 48 32 21 5 42 55 76 77 
55 22 11 13 20 23 27 35 5 1 12 14 25 3 7 8 9 10 2 56 21 45 6 16 15 17 47 43 19 4 24 26 40 76 59 33 36 39 32 30 31 42 41 34 87 65 88 48 89 90 37 38 46 81 58 60 91 50 61 74 66 92 94 93 95 96 97 98 99 53 77 
56 12 35 27 8 7 2 22 21 11 15 23 24 5 14 61 43 13 9 10 3 25 16 47 1 20 6 17 4 45 26 18 40 55 48 52 65 36 31 32 42 34 58 39 87 33 38 50 51 54 49 221 41 60 235 229 109 118 136 174 175 80 199 218 220 198 183 88 99 37 74 59 89 66 44 205 76 30 75 77 
35 23 3 16 15 12 2 19 10 22 8 9 27 18 61 5 6 4 25 21 56 24 13 7 1 47 11 17 45 43 14 26 40 55 31 132 32 39 33 125 36 38 30 41 44 42 49 37 111 52 117 46 60 48 76 88 63 53 133 50 65 51 74 204 59 89 73 57 77 
47 24 13 56 19 27 9 12 3 5 16 25 15 8 22 14 2 4 11 61 20 23 6 7 1 18 10 45 43 26 40 35 55 112 127 118 243 214 215 162 39 115 31 32 36 38 17 44 33 48 65 58 34 50 42 52 117 41 53 60 30 37 46 76 88 91 102 54 81 62 59 80 74 257 133 66 99 101 211 51 77 
55 19 23 43 35 16 45 11 40 25 8 7 3 5 17 10 18 61 48 13 14 1 56 27 12 15 47 21 9 4 20 2 24 6 26 37 30 38 42 31 32 39 41 100 36 101 60 33 46 76 84 65 102 103 99 50 54 53 74 104 105 94 106 107 108 109 110 62 66 75 91 111 
35 43 22 45 10 11 20 19 25 40 3 16 56 15 61 5 27 14 2 24 13 9 18 8 12 47 7 6 1 21 17 4 26 55 123 48 31 132 39 42 44 33 53 38 204 32 30 76 37 49 41 117 57 46 36 60 236 50 63 51 52 259 180 181 260 142 143 144 261 94 148 108 71 104 69 93 145 146 262 234 147 255 109 149 95 98 59 202 65 62 73 74 66 263 
15 47 21 27 14 3 9 19 5 2 11 8 56 23 1 25 6 10 22 4 20 61 7 13 16 45 12 26 17 18 40 48 76 160 161 162 127 163 33 39 31 32 35 36 43 38 42 41 55 49 37 87 34 52 54 90 30 57 58 117 60 102 65 50 91 164 106 165 166 53 62 75 167 
61 3 43 8 11 22 14 2 15 23 5 10 12 13 19 1 21 56 16 27 9 47 18 24 6 7 35 20 4 17 45 26 55 48 76 29 131 132 31 38 40 37 39 32 36 42 49 41 87 34 54 90 30 123 63 58 52 117 65 60 114 62 53 73 75 50 74 
1 4 19 56 24 6 7 9 11 17 23 27 45 5 47 16 25 14 2 22 8 18 61 13 12 20 40 21 35 55 123 76 31 15 42 10 38 54 48 3 50 62 37 44 43 53 65 32 59 30 89 201 46 198 39 60 75 91 41 77 
55 19 9 15 21 24 12 2 47 8 3 25 16 5 11 22 23 13 14 1 20 56 7 18 61 6 17 10 4 45 43 26 40 35 76 29 48 115 39 34 32 36 31 38 53 44 37 42 33 133 41 30 52 117 65 60 134 135 136 137 138 139 140 141 66 68 142 107 143 144 145 146 147 97 109 148 149 150 62 114 151 152 153 154 155 156 157 158 159 50 77 
1 42 9 
25 27 1 8 
22 1 39 2 12 15 32 20 11 45 31 43 42 13 5 18 23 25 24 3 27 16 35 47 14 7 21 6 9 61 55 26 8 10 19 76 
206 26 20 23 132 2 56 1 38 25 15 9 14 6 32 3 48 34 17 13 12 33 24 7 39 36 125 43 4 21 27 35 40 11 47 10 42 44 30 37 5 55 19 18 41 45 51 54 52 65 87 49 22 16 59 117 50 61 102 84 8 60 130 62 99 74 100 166 165 
120 121 122 76 14 2 33 34 3 15 20 31 1 48 12 25 39 36 24 27 35 45 17 21 30 40 43 9 38 7 11 6 13 4 10 37 42 111 41 44 18 53 56 23 47 19 49 5 87 55 54 22 57 123 16 124 125 60 62 61 126 8 26 50 65 66 52 127 128 129 72 73 130 
24 14 6 32 2 56 1 7 35 31 20 39 15 12 43 10 40 18 47 45 11 4 42 13 23 21 3 27 48 19 5 76 55 22 16 9 
14 32 3 2 15 48 9 31 39 1 27 12 11 55 19 45 16 21 43 6 18 47 25 10 24 4 
20 19 11 40 23 22 10 14 7 18 43 6 12 25 55 4 56 27 21 2 45 61 16 26 9 13 112 65 48 132 38 17 39 33 58 24 1 32 15 36 31 5 42 37 41 47 49 53 122 3 90 30 54 60 102 52 62 50 8 74 66 44 89 202 238 73 84 75 114 208 51 76 59 77 
2 32 39 48 31 1 25 15 12 13 9 20 24 27 35 56 7 43 4 21 40 18 3 14 47 11 42 19 5 6 55 22 16 23 45 10 
10 43 22 56 7 25 39 1 2 3 6 11 32 31 42 27 35 55 23 20 48 24 9 13 45 47 18 15 12 14 5 16 21 40 26 61 8 19 4 77 
31 56 25 9 35 45 39 15 14 6 1 3 13 12 32 10 20 7 27 4 2 11 43 21 48 24 40 42 23 47 55 19 5 22 18 16 26 61 8 
21 24 13 35 37 7 1 25 56 12 17 20 30 32 15 34 6 2 31 14 3 27 33 48 58 9 36 38 10 45 4 11 40 42 44 43 18 23 5 47 19 55 22 54 41 46 65 81 60 16 196 197 134 118 135 174 198 199 200 183 61 201 166 92 202 76 8 53 62 26 84 114 125 59 77 
55 35 22 7 11 10 23 43 17 48 45 46 14 26 16 19 20 24 56 8 13 12 21 27 4 9 2 6 18 61 112 132 25 32 33 1 36 31 39 38 41 42 15 47 49 3 5 60 37 133 74 53 50 89 
1 20 11 12 4 7 40 47 24 43 32 42 2 35 18 31 23 45 48 25 27 5 55 56 39 22 14 21 13 9 3 6 19 16 8 61 10 26 77 
78 12 79 28 80 26 24 25 4 7 1 11 36 38 47 32 39 56 3 31 2 23 9 30 41 33 40 13 48 5 44 37 20 27 45 6 15 18 14 49 19 35 55 17 43 63 54 22 21 81 16 82 60 83 8 10 61 84 85 52 50 65 86 
61 8 55 25 23 10 17 22 16 19 7 40 35 45 4 3 15 56 6 2 11 5 9 47 20 18 13 21 27 37 115 12 33 36 24 31 32 58 1 38 39 41 30 53 48 65 14 51 42 49 34 50 209 90 57 63 123 100 88 60 84 26 62 52 59 74 213 165 99 76 
1 39 2 7 20 31 32 14 11 3 23 6 21 42 27 13 26 48 10 61 45 16 19 35 55 
7 23 22 11 2 10 40 43 3 13 8 27 4 47 9 18 6 56 19 14 17 21 25 12 15 20 24 26 61 5 16 35 55 76 132 38 32 39 1 33 30 42 31 41 58 34 49 37 133 123 48 54 51 52 60 207 65 53 50 102 36 85 59 44 62 202 92 66 75 114 208 205 89 77 
55 40 56 48 1 3 11 4 12 7 14 9 5 18 23 39 16 20 6 22 2 21 26 47 61 
21 15 24 13 14 3 9 27 5 2 1 19 56 8 22 12 16 25 23 4 10 6 7 11 17 61 20 45 18 43 26 203 33 31 36 42 41 204 38 32 40 39 35 55 87 34 53 88 37 48 54 57 30 100 60 62 63 50 102 65 84 205 202 92 46 75 111 
8 22 10 40 25 11 5 55 24 4 19 14 56 23 27 76 9 35 2 34 32 31 39 36 12 17 38 3 7 13 42 46 52 65 21 43 58 1 33 37 6 41 49 15 18 54 45 47 100 57 82 20 60 62 26 91 44 61 84 99 16 126 59 74 66 127 50 
12 42 56 14 7 6 40 15 11 20 25 23 32 24 1 2 35 43 5 45 19 48 31 
19 16 1 21 43 4 2 23 61 31 15 10 11 45 6 47 9 26 3 24 12 13 8 20 18 35 22 55 42 32 14 76 48 25 40 27 
4 31 12 43 19 1 7 16 45 23 5 55 14 20 9 21 35 
4 48 12 19 5 31 1 7 24 15 45 27 20 21 11 9 13 55 25 16 23 61 35 42 10 6 43 32 
3 32 23 27 11 7 55 43 35 1 16 4 47 9 56 2 21 10 45 61 5 15 20 26 22 13 25 39 40 24 12 18 
4 31 12 19 1 7 5 15 42 48 24 3 6 25 11 13 32 45 14 47 9 39 35 55 2 26 22 21 
12 56 3 8 9 18 11 27 14 22 40 43 5 7 4 46 10 35 25 26 48 20 2 45 6 21 23 16 19 13 61 178 242 243 179 180 181 31 53 34 42 37 15 38 47 24 17 133 63 32 123 39 41 1 57 58 100 125 54 65 52 114 36 89 212 60 33 76 244 245 246 247 248 62 84 51 99 85 74 50 204 59 30 205 187 107 217 249 250 186 230 251 252 92 110 232 66 75 192 44 77 
55 19 21 9 8 12 13 2 15 11 3 5 22 23 25 47 10 24 27 18 14 4 61 6 7 20 45 17 43 1 26 16 40 35 48 112 46 258 133 37 31 38 132 33 39 116 36 42 125 32 49 123 90 41 53 60 
5 12 23 1 55 47 32 43 24 48 16 20 
77 35 39 12 4 43 5 21 48 19 45 1 55 24 18 25 
18 5 16 2 1 7 14 31 13 19 21 45 3 55 9 43 6 48 20 10 26 23 11 39 12 35 77 
3 1 5 32 16 18 24 7 15 14 40 56 27 22 21 55 12 20 2 43 45 11 4 6 9 13 48 23 39 47 42 35 19 61 31 8 10 25 76 26 
25 43 8 16 17 19 22 12 14 11 13 15 23 9 5 20 27 10 56 21 4 2 47 24 3 6 7 45 26 35 55 40 209 131 1 39 53 50 65 31 60 48 44 38 52 37 210 41 42 18 32 30 126 181 62 99 76 84 75 77 89 46 125 
4 47 11 1 48 15 14 6 26 2 3 55 43 10 35 31 32 21 45 25 27 22 39 61 13 23 24 76 16 8 
55 42 5 43 25 4 1 47 23 20 15 
1 
35 4 12 19 5 48 21 43 14 31 18 39 55 16 27 15 25 7 45 2 13 61 6 10 9 47 3 24 22 8 20 11 1 26 42 32 23 
3 27 19 18 32 48 15 35 1 16 10 9 21 6 45 22 14 4 23 55 
1 
27 1 
1 23 
1 
23 1 
1 32 
1 32 23 35 25 20 
55 19 20 2 22 16 10 43 48 18 21 31 35 1 4 40 23 25 
25 22 35 45 47 26 61 55 16 14 2 1 4 9 11 24 19 
45 25 24 12 27 26 161 162 127 48 14 32 18 23 33 90 15 7 16 20 3 55 22 13 21 193 194 195 39 50 61 2 60 10 43 11 19 17 1 9 62 30 35 6 
237 12 58 5 100 13 6 4 18 11 21 2 35 39 59 20 17 61 16 1 45 19 27 41 26 37 9 55 
42 
42 
42 5 6 12 19 14 15 21 11 
4 12 39 42 18 21 6 2 
42 48 
42 
13 6 2 11 10 22 31 47 48 43 42 55 14 35 61 39 16 
4 45 42 55 
42 
19 47 11 32 15 31 25 18 24 
4 18 16 47 15 43 5 7 11 19 21 20 
18 55 10 19 3 20 35 26 2 11 45 40 61 
76 11 15 43 12 24 7 56 14 25 35 18 
21 10 48 18 5 24 16 2 22 26 
18 39 47 45 55 
23 18 
22 18 23 
18 23 
3 18 
27 18 
23 18 
9 55 19 31 22 48 14 8 61 43 21 18 
47 48 4 7 55 22 2 43 5 77 31 
12 22 21 
5 12 11 47 2 10 45 31 9 21 35 24 22 4 
22 15 
22 23 
22 
14 22 24 
22 27 55 
22 23 
3 19 15 14 22 27 23 
22 55 
32 20 22 47 
14 7 40 35 21 56 12 13 
12 
12 15 13 55 5 25 14 27 39 45 8 35 2 11 
27 12 21 10 43 
56 12 4 
23 27 20 21 24 9 14 4 12 25 31 
21 14 7 15 19 39 12 
12 6 
32 
32 
32 11 35 
5 16 26 23 55 56 9 45 25 32 43 
16 3 2 11 5 14 32 9 
31 20 13 56 4 55 32 3 8 11 39 61 
32 48 61 
21 76 24 32 48 
3 32 
32 
31 8 32 
25 61 
31 23 20 25 56 35 40 45 
56 13 55 27 9 45 11 6 2 20 21 8 40 10 
27 39 
27 15 39 
27 19 15 
13 27 
15 27 
27 
27 
27 
27 23 
27 23 
27 23 
27 23 
27 23 
27 23 
23 27 
3 27 23 
27 
27 
27 
27 
27 
27 
27 
27 
27 
27 
24 16 
76 24 
24 7 76 14 21 
24 14 
24 
24 31 43 6 
31 24 39 
24 
9 13 
13 9 
13 4 
13 16 
13 14 
16 13 
13 3 14 19 15 39 
13 3 14 19 15 
13 
13 4 14 15 
55 16 
16 55 
55 16 23 
55 16 61 23 
15 16 
16 15 14 19 39 
16 
16 14 
16 14 55 
15 16 55 
3 16 
16 
16 
16 
55 16 
76 
76 
76 
39 
39 
15 19 39 26 
14 19 15 39 
39 
26 39 
35 23 47 45 39 
15 47 
23 47 4 8 55 9 10 20 
14 19 55 47 45 
31 
45 2 
45 35 
61 43 2 
7 61 
8 21 5 11 
55 10 
43 10 
7 21 14 
7 14 21 
7 14 
14 55 
14 19 15 
14 
14 19 15 
19 14 
14 
14 
14 
14 
14 
14 
14 
3 19 14 
55 14 
14 
55 14 
15 
15 23 
3 19 
6 23 
77 6 
4 35 
3 
3 
4 
55 
7 21 55 
55 
55 
55 
55 
55 
55 
55 
55 
55 8 
5 
5 
5 23 
7 
21 
56 
23 
23 
23 
23 
23 
2 
8 
8 
8 
8 
8 
8 
8 
8 
8 
8 

