1
1
3
3
3
1
3
2
2
2
1
1
2
1
2
3
3
3
0
3
0
2
2
2
3
2
3
4
7
2
2
3
1
1
0
3
3
2
3
3
3
2
1
0
0
1
2
1
1
1
0
0
3
1
0
3
5
0
0
2
2
1
5
14
2
0
13
9
13
14
12
4
6
0
6
1
0
11
9
6
6
11
8
7
6
14
4
7
0
1
7
4
12
7
10
8
15
8
0
5
6
5
15
8
8
7
4
10
6
6
4
5
9
0
5
6
4
4
15
12
11
5
4
7
4
7
5
15
11
5
10
5
0
14
6
6
9
14
15
13
12
15
13
13
10
15
10
11
4
15
8
12
9
14
15
10
14
8
10
10
12
6
8
15
6
5
9
12
13
13
8
11
5
5
4
15
7
6
6
4
6
12
7
15
13
4
7
10
12
10
10
9
14
9
9
10
10
4
7
9
12
5
14
7
7
12
10
4
7
15
5
14
11
7
4
12
11
6
13
5
13
15
8
8
13
11
12
10
5
9
13
8
13
11
8
11
11
15
9
8
11
14
7
14
13
14
12
12
15
8
11
6
10
11
12
14
9
8
15
14
9
14
9
9
11
9
13
10
8
13
8
13
14
12
11
